,,,,,,germplasm_name,germplasmname_ssr_1,germplasmname_ssr_1,germplasmname_ssr_2,germplasmname_ssr_3,germplasmname_ssr_4,germplasmname_ssr_5,germplasmname_ssr_6,germplasmname_ssr_7,germplasmname_ssr_8,germplasmname_ssr_9
,,,,,,germplasm_external_code,20001,20002,20003,20004,20005,20006,20007,20008,20009,20010
,,,,,,dnasample_name,1,2,3,4,5,6,7,8,9,10
,,,,,,dnasample_num,1,2,3,4,5,6,7,8,9,10
,,,,,,dnasample_platename,,,,,,,,,,
,,,,,,dnasample_ref_sample,,,,,,,,,,
germplasm_name,germplasm_external_code,dnasample_name,dnasample_num,dnasample_platename,dnasample_ref_sample,dnarun_name,1,2,3,4,5,6,7,8,9,10
germplasmname_ssr_1,20001,1,1,,,1,1.000,0.250,0.350,0.500,0.600,0.650,0.400,0.450,0.250,0.350
germplasmname_ssr_1,20002,2,2,,,2,0.250,1.000,0.550,0.350,0.400,0.500,0.300,0.350,0.550,0.500
germplasmname_ssr_2,20003,3,3,,,3,0.350,0.550,1.000,0.350,0.400,0.550,0.550,0.600,0.500,0.550
germplasmname_ssr_3,20004,4,4,,,4,0.500,0.350,0.350,1.000,0.700,0.500,0.300,0.300,0.350,0.200
germplasmname_ssr_4,20005,5,5,,,5,0.600,0.400,0.400,0.700,1.000,0.700,0.450,0.450,0.400,0.300
germplasmname_ssr_5,20006,6,6,,,6,0.650,0.500,0.550,0.500,0.700,1.000,0.600,0.650,0.450,0.300
germplasmname_ssr_6,20007,7,7,,,7,0.400,0.300,0.550,0.300,0.450,0.600,1.000,0.800,0.400,0.300
germplasmname_ssr_7,20008,8,8,,,8,0.450,0.350,0.600,0.300,0.450,0.650,0.800,1.000,0.400,0.350
germplasmname_ssr_8,20009,9,9,,,9,0.250,0.550,0.500,0.350,0.400,0.450,0.400,0.400,1.000,0.250
germplasmname_ssr_9,20010,10,10,,,10,0.350,0.500,0.550,0.200,0.300,0.300,0.300,0.350,0.250,1.000
